 17.57420000000000     19.07939441530439     
 17.39510000000000     19.09437644305772     
 17.15390000000000     18.52610281072281     
 17.58960000000000     18.70055541815445     
 16.40060000000000     18.29778145474448     
 16.66060000000000     18.25644592935392     
 14.97750000000000     16.27111626478478     
 18.42680000000000     19.71428358800763     
 17.83700000000000     19.29107063935732     
 18.41310000000000     19.72541673502550     
 18.52910000000000     19.90385442662795     
 18.91520000000000     20.11362174701341     
 18.74390000000000     20.13281079980264     
 17.52870000000000     19.22385051899429     
 18.05350000000000     19.66383613248325     
 17.54180000000000     19.10956724087707     
 16.25760000000000     17.27972104791556     
 18.28250000000000     20.06879345246182     
 18.14890000000000     19.55703511073279     
 19.14150000000000     20.22454285872448     
 18.97740000000000     20.78948210269400     
 18.83690000000000     20.56924500736066     
 18.08430000000000     19.92565075938510     
 18.37480000000000     19.74456844067140     
 17.85150000000000     18.91508440684696     
 17.75960000000000     19.04370089546875     
 17.23240000000000     18.78899317476893     
 18.27320000000000     19.47195069110094     
 17.57490000000000     18.93096628065910     
 17.12820000000000     18.13136039989605     
 17.26260000000000     18.30010783861086     
 16.97330000000000     18.34376872622791     
 18.90400000000000     20.54018372337845     
 18.51410000000000     20.02951058229448     
 17.65190000000000     19.45418887263905     
 17.97280000000000     19.53197015975793     
 18.18260000000000     19.79803545855652     
 17.49990000000000     19.30138041879725     
 19.60170000000000     20.63505754316732     
 19.43140000000000     20.82853035357450     
 19.56960000000000     21.34361622638297     
 18.63030000000000     20.08479855669337     
 18.37930000000000     19.76989450454747     
 18.45080000000000     19.65066264039206     
 18.00430000000000     19.72545300608593     
 18.46470000000000     19.85855031384347     
 19.81050000000000     20.73989290048013     
 19.41300000000000     21.24113812815411     
 17.43600000000000     19.08348272164393     
 17.39330000000000     18.86089362151696     
 17.44430000000000     19.53137455505250     
 17.26860000000000     18.57592234039798     
 17.13140000000000     18.20578241284608     
 18.12740000000000     19.75483794422791     
 17.88050000000000     19.59124020378979     
 18.68090000000000     20.07409958903579     
 18.93090000000000     20.37354850408977     
 18.76140000000000     20.00467699338003     
 18.65090000000000     20.15375614370475     
  
